 0 1 2 3 4  5 6 7 8 9 a  b c d e f g h i j  k  l  m  n  o  p  q  r  s  t  u  v  w x  y  z  ñ
[0,7,0,0,16,0,0,0,0,0,22,2,3,4,5,6,7,8,9,10,11,12,13,23,15,16,17,18,19,20,21,22,1,13,14,23,1]
[0,7,0,0,16,0,0,0,0,0,22,2,3,4,5,6,7,8,9,10,11,12,13,23,15,16,17,18,19,20,21,22,1,13,14,23,1]
[0,7,0,0,16,0,0,0,0,0,22,2,3,4,5,6,7,8,9,10,11,12,13,23,15,16,17,18,19,20,21,22,1,13,14,23,1]
[0,7,0,0,16,0,0,0,0,0,14,4,3,4,5,6,7,8,9,10,21,22,23,23,5,16,17,8,9,20,21,2,1,13,14,23,1]
[0,7,0,0,16,0,0,0,0,0,22,2,3,4,5,6,7,8,9,10,11,12,13,23,15,16,17,18,19,20,21,22,1,13,14,23,1]
[0,7,0,0,16,0,0,0,0,0,22,2,3,4,5,6,7,8,9,10,11,12,13,23,15,16,17,18,19,20,21,22,1,13,14,23,1]
[0,7,0,0,16,0,0,0,0,0,22,2,3,4,5,6,7,8,9,10,11,12,13,23,15,16,17,18,19,20,21,22,1,13,14,23,1]
[0,7,0,0,16,0,0,0,0,0,22,2,3,4,5,6,7,8,9,10,11,12,13,23,15,16,17,18,19,20,21,22,1,13,14,23,1]
[0,7,0,0,16,0,0,0,0,0,14,4,3,4,5,6,7,8,9,10,21,22,23,23,5,16,17,8,9,20,21,2,1,13,14,23,1]
[0,7,0,0,16,0,0,0,0,0,14,4,3,4,5,6,7,8,9,10,21,22,23,23,5,16,17,8,9,20,21,2,1,13,14,23,1]
[0,7,0,0,16,0,0,0,0,0,14,4,3,4,5,6,7,8,9,10,21,22,23,23,5,16,17,8,9,20,21,2,1,13,14,23,1]
[0,7,0,0,16,0,0,0,0,0,14,4,3,4,5,6,7,8,9,10,21,22,23,23,5,16,17,8,9,20,21,2,1,13,14,23,1]
[0,7,0,0,16,0,0,0,0,0,14,4,3,4,5,6,7,8,9,10,21,22,23,23,5,16,17,8,9,20,21,2,1,13,14,23,1]
[0,7,0,0,16,0,0,0,0,0,22,2,3,4,5,6,7,8,9,10,11,12,13,23,15,16,17,18,19,20,21,22,1,13,14,23,1]
[0,7,0,0,16,0,0,0,0,0,18,2,3,4,5,6,7,8,9,10,11,12,13,14,15,16,21,24,23,23,22,21,4,5,6,10]
[0,7,0,0,16,0,0,0,0,0,18,2,3,4,5,6,7,8,9,10,11,12,13,14,15,16,21,24,23,23,22,21,4,5,6,10]
[0,7,0,0,16,0,0,0,0,0,18,2,3,4,5,6,7,8,9,10,11,12,13,14,15,16,21,24,23,23,22,21,4,5,6,10]
[0,7,0,0,16,0,0,0,0,0,18,2,3,4,5,6,7,8,9,10,11,12,13,14,15,16,21,24,23,23,22,21,4,5,6,10]
[0,7,0,0,16,0,0,0,0,0,18,2,3,4,5,6,7,8,9,10,11,12,13,14,15,16,21,24,23,23,22,21,4,5,6,10]
[0,7,0,0,16,0,0,0,0,0,18,2,3,4,5,6,7,8,9,10,11,12,13,14,15,16,21,24,23,23,22,21,4,5,6,10]
[0,7,0,0,16,0,0,0,0,0,18,2,3,4,5,6,7,8,9,10,11,12,13,14,15,16,21,24,23,23,22,21,4,5,6,10]
[0,7,0,0,16,0,0,0,0,0,18,2,3,4,5,6,7,8,9,10,11,12,13,14,15,16,21,24,23,23,22,21,4,5,6,10]
[0,7,0,0,16,0,0,0,0,0,22,2,3,4,5,6,7,8,9,10,11,12,13,23,15,16,17,18,19,20,21,22,1,13,14,23,1]
[0,7,0,0,16,0,0,0,0,0,22,2,3,4,5,6,7,8,9,10,11,12,13,23,15,16,17,18,19,20,21,22,1,13,14,23,1]
[0,7,0,0,16,0,0,0,0,0,22,2,3,4,5,6,7,8,9,10,11,12,13,23,15,16,17,18,19,20,21,22,1,13,14,23,1]
[0,7,0,0,16,0,0,0,0,0,22,2,3,4,5,6,7,8,9,10,11,12,13,23,15,16,17,18,19,20,21,22,1,13,14,23,1]
[0,7,0,0,16,0,0,0,0,0,22,2,3,4,5,6,7,8,9,10,11,12,13,23,15,16,17,18,19,20,21,22,1,13,14,23,1]
[0,7,0,0,16,0,0,0,0,0,18,2,3,4,5,6,7,8,9,10,11,12,13,14,15,16,21,24,23,23,22,21,4,5,6,10]
[0,7,0,0,16,0,0,0,0,0,22,2,3,4,5,6,7,8,9,10,11,12,13,23,15,16,17,18,19,20,21,22,1,13,14,23,1]
[0,7,0,0,16,0,0,0,0,0,18,2,3,4,5,6,7,8,9,10,11,12,13,14,15,16,21,24,23,23,22,21,4,5,6,10]
[0,7,0,0,16,0,0,0,0,0,22,2,3,4,5,6,7,8,9,10,11,12,13,23,15,16,17,18,19,20,21,22,1,13,14,23,1]
[0,7,0,0,16,0,0,0,0,0,18,2,3,4,5,6,7,8,9,10,11,12,13,14,15,16,21,24,23,23,22,21,4,5,6,10]
[0,7,0,0,16,0,0,0,0,0,22,2,3,4,5,6,7,8,9,10,11,12,13,23,15,16,17,18,19,20,21,22,1,13,14,23,1]
[0,7,0,0,16,0,0,0,0,0,22,2,3,4,5,6,7,8,9,10,11,12,13,23,15,16,17,18,19,20,21,22,1,13,14,23,1]
[0,7,0,0,16,0,0,0,0,0,1,2,3,4,5,6,7,8,9,10,11,12,13,14,15,16,1,2,3,4,5,6,7,8,8,10]
[0,7,0,0,16,0,0,0,0,0,1,2,3,4,5,6,7,8,9,10,11,12,13,14,15,16,1,2,3,4,5,6,7,8,8,10]
[0,7,0,0,16,0,0,0,0,0,1,2,3,4,5,6,7,8,9,10,11,12,13,14,15,16,1,2,3,4,5,6,7,8,8,10]
[0,7,0,0,16,0,0,0,0,0,1,2,3,4,5,6,7,8,9,10,11,12,13,14,15,16,1,2,3,4,5,6,7,8,8,10]
[0,7,0,0,16,0,0,0,0,0,1,2,3,4,5,6,7,8,9,10,11,12,13,14,15,16,1,2,3,4,5,6,7,8,8,10]
[0,7,0,0,16,0,0,0,0,0,14,4,3,4,5,6,7,8,9,10,21,22,23,23,5,16,17,8,9,20,21,2,1,13,14,23,1]
[0,7,0,0,16,0,0,0,0,0,1,2,3,4,5,6,7,8,9,10,11,12,13,14,15,16,1,2,3,4,5,6,7,8,8,10]
[0,7,0,0,16,0,0,0,0,0,14,4,3,4,5,6,7,8,9,10,21,22,23,23,5,16,17,8,9,20,21,2,1,13,14,23,1]
[0,7,0,0,16,0,0,0,0,0,1,2,3,4,5,6,7,8,9,10,11,12,13,14,15,16,1,2,3,4,5,6,7,8,8,10]
[0,7,0,0,16,0,0,0,0,0,1,2,3,4,5,6,7,8,9,10,11,12,13,14,15,16,1,2,3,4,5,6,7,8,8,10]
[0,7,0,0,16,0,0,0,0,0,1,2,3,4,5,6,7,8,9,10,11,12,13,14,15,16,1,2,3,4,5,6,7,8,8,10]
[0,7,0,0,16,0,0,0,0,0,1,2,3,4,5,6,7,8,9,10,11,12,13,14,15,16,1,2,3,4,5,6,7,8,8,10]
[0,7,0,0,16,0,0,0,0,0,22,2,3,4,5,6,7,8,9,10,11,12,13,23,15,16,17,18,19,20,21,22,1,13,14,23,1]
[0,7,0,0,16,0,0,0,0,0,22,2,3,4,5,6,7,8,9,10,11,12,13,23,15,16,17,18,19,20,21,22,1,13,14,23,1]
[0,7,0,0,16,0,0,0,0,0,22,2,3,4,5,6,7,8,9,10,11,12,13,23,15,16,17,18,19,20,21,22,1,13,14,23,1]
[0,7,0,0,16,0,0,0,0,0,22,2,3,4,5,6,7,8,9,10,11,12,13,23,15,16,17,18,19,20,21,22,1,13,14,23,1]
[0,7,0,0,16,0,0,0,0,0,22,2,3,4,5,6,7,8,9,10,11,12,13,23,15,16,17,18,19,20,21,22,1,13,14,23,1]
[0,7,0,0,16,0,0,0,0,0,22,2,3,4,5,6,7,8,9,10,11,12,13,23,15,16,17,18,19,20,21,22,1,13,14,23,1]


